[[ 0.04173487 -0.08562856 -0.16445608 -0.14017748 -0.09815348]
 [-0.08562856  0.17568642  0.33741899  0.28760591  0.20138415]
 [-0.16445608  0.33741899  0.64803853  0.55236878  0.3867734 ]
 [-0.14017748  0.28760591  0.55236878  0.47082273  0.32967415]
 [-0.09815348  0.20138415  0.3867734   0.32967415  0.2308407 ]]
[[-0.15655908 -0.12416919 -0.0471887   0.01312865  0.02922452]
 [ 0.32121648  0.25476128  0.09681833 -0.0269364  -0.05996073]
 [ 0.6169204   0.48928819  0.18594687 -0.05173339 -0.11515909]
 [ 0.52584462  0.41705471  0.15849559 -0.044096   -0.09815818]
 [ 0.36820096  0.29202532  0.11097998 -0.0308764  -0.06873121]]
[[-0.15655908  0.32121648  0.6169204   0.52584462  0.36820096]
 [-0.12416919  0.25476128  0.48928819  0.41705471  0.29202532]
 [-0.0471887   0.09681833  0.18594687  0.15849559  0.11097998]
 [ 0.01312865 -0.0269364  -0.05173339 -0.044096   -0.0308764 ]
 [ 0.02922452 -0.05996073 -0.11515909 -0.09815818 -0.06873121]]
[[ 0.58729654  0.46579309  0.1770179  -0.04924921 -0.10962927]
 [ 0.46579309  0.36942701  0.14039537 -0.03906023 -0.0869485 ]
 [ 0.1770179   0.14039537  0.05335522 -0.01484427 -0.03304352]
 [-0.04924921 -0.03906023 -0.01484427  0.00412991  0.00919323]
 [-0.10962927 -0.0869485  -0.03304352  0.00919323  0.02046424]]

[[ 0.36960939  0.25482416  0.06633571 -0.08484561 -0.14590846]
 [ 0.25482416  0.17568642  0.04573461 -0.05849611 -0.10059539]
 [ 0.06633571  0.04573461  0.01190561 -0.01522768 -0.02618695]
 [-0.08484561 -0.05849611 -0.01522768  0.01947672  0.03349399]
 [-0.14590846 -0.10059539 -0.02618695  0.03349399  0.0575994 ]]
[[ 0.11984665  0.36951819  0.52991847  0.48583153  0.39799397]
 [ 0.08262729  0.25476128  0.36534794  0.33495256  0.27439367]
 [ 0.0215095   0.06631935  0.09510722  0.0871947   0.07143004]
 [-0.02751137 -0.08482467 -0.12164533 -0.11152496 -0.09136142]
 [-0.04731114 -0.14587245 -0.2091927  -0.19178877 -0.15711366]]
[[ 0.11984665  0.08262729  0.0215095  -0.02751137 -0.04731114]
 [ 0.36951819  0.25476128  0.06631935 -0.08482467 -0.14587245]
 [ 0.52991847  0.36534794  0.09510722 -0.12164533 -0.2091927 ]
 [ 0.48583153  0.33495256  0.0871947  -0.11152496 -0.19178877]
 [ 0.39799397  0.27439367  0.07143004 -0.09136142 -0.15711366]]
[[ 0.03886054  0.11981708  0.17182722  0.15753194  0.12905041]
 [ 0.11981708  0.36942701  0.52978772  0.48571166  0.39789576]
 [ 0.17182722  0.52978772  0.75975773  0.69654915  0.57061417]
 [ 0.15753194  0.48571166  0.69654915  0.63859925  0.52314153]
 [ 0.12905041  0.39789576  0.57061417  0.52314153  0.42855837]]

2 and 3 are transposes